0.000000000000000000e+00 0.000000000000000000e+00 0.000000000000000000e+00 0.000000000000000000e+00
6.645869444125269183e+03 6.645843447258937886e+03 2.588626997031970300e-02 1.105965068095619922e-04
1.328174207818849695e+01 1.066553488746714606e+01 2.313874092382480097e+00 3.023330983388504145e-01
9.321186378211195915e+03 9.310788241289303187e+03 1.039732496579573251e+01 8.119560718083372337e-04
7.150435801010115888e+00 4.653051294892143197e+00 2.104607586514627648e+00 3.927769196033409349e-01
2.098772922322905288e+03 2.092067934578599761e+03 6.702926187927865875e+00 2.061556379428891063e-03
1.819956967909784495e+01 1.175231365874518907e+01 3.091874500729295150e+00 3.355381519623350961e+00
2.763546384484770897e+02 2.541509765807930137e+02 2.219766262016460345e+01 5.999247519229365319e-03
2.587372981615649437e+01 1.690366619216393929e+01 3.200608139181219780e+00 5.769455484811365942e+00
2.601705849179158463e+02 2.306280934562665834e+02 2.953122586183994258e+01 1.126559980950622882e-02
3.341415711819942658e+01 2.134728884990161646e+01 4.305616158929423065e+00 7.761252109368470542e+00
8.533073234438307964e+01 4.789167987977737084e+01 3.742140990760588437e+01 1.764255699997512028e-02
3.325106117550065221e+01 2.005387130235969906e+01 4.812660334563732434e+00 8.384529538577259800e+00
4.615969286353700340e+01 3.002861867776329063e+01 1.609889183549731229e+01 3.218235027641490331e-02
3.949017186737231100e+01 2.615804104678838726e+01 5.126224881690836455e+00 8.205905938893078400e+00
3.364295174815296718e+01 1.807289546554528314e+01 1.552832987417250266e+01 4.172640843516373793e-02
4.590256689989425354e+01 2.751641832470789595e+01 5.315043160643757147e+00 1.307110541454261821e+01
3.880305943200594498e+01 1.778089994807121954e+01 2.098603618704733975e+01 3.612329688736670708e-02
4.247181725758476034e+01 2.137937128675810072e+01 4.997132816934383825e+00 1.609531315389231310e+01
4.912021319992752666e+01 1.616529440608269041e+01 3.279526991571246697e+01 1.596488781323189277e-01
5.595413675261908537e+01 2.486207699246882541e+01 4.877988845082599667e+00 2.621407091506762299e+01
7.676598280244259342e+01 1.833551839263892091e+01 5.816797156172865613e+01 2.624928480751455018e-01
7.109978121909998094e+01 2.916961649207193830e+01 4.772857487923491071e+00 3.715730723910456135e+01
1.146993522181372214e+02 1.870059522740807978e+01 9.582041034066348573e+01 1.783466500658162923e-01
4.992611746955137164e+01 1.848462135764999204e+01 4.510534919323244019e+00 2.693096119257807786e+01
1.559819240971992826e+02 2.188315195253000311e+01 1.338018966117109585e+02 2.968755329583565028e-01
6.589236224271510878e+01 2.414548549979373249e+01 4.095339520466909633e+00 3.765153722245450751e+01
1.585381117483678395e+02 2.236478689416042798e+01 1.359892117565891283e+02 1.841130976186175217e-01
5.863962821558579463e+01 1.979717022242838453e+01 3.971250965995874793e+00 3.487120702716149623e+01
1.107488789075750191e+02 1.930338498747693876e+01 9.123450033807289117e+01 2.109935820249150551e-01
6.757632998752244191e+01 3.363807108297990567e+01 3.564697307397557857e+00 3.037356159714497039e+01
7.721294338208832642e+01 1.651579065089283560e+01 6.047424297033421681e+01 2.229097608612534143e-01
1.055911741975776152e+02 5.018152874118858620e+01 3.956476301306822929e+00 5.145316915508237798e+01
6.825228126972069731e+01 1.445949231239246302e+01 5.338393470964965104e+01 4.088542476787551672e-01
6.241229930416286464e+01 2.765626243468933509e+01 4.244083453667588657e+00 3.051195341580584852e+01
6.481453549517395629e+01 1.555601335619225445e+01 4.877531534933079627e+01 4.832067896509119609e-01
4.283657592569990413e+01 1.678406387428732316e+01 3.906823902039408214e+00 2.214568814937315366e+01
7.962354280668122897e+01 1.630647570336471119e+01 6.284178436138411428e+01 4.752827419323256697e-01
3.321936599901783183e+01 1.236757334582079793e+01 3.533266538110082955e+00 1.731852611508696427e+01
9.527337870068568293e+01 2.038168827421304385e+01 7.442539777691592917e+01 4.662926495566125373e-01
2.973044319974557581e+01 1.069570951517524726e+01 3.698484594404051862e+00 1.533624909016633531e+01
1.100729345461279394e+02 2.245153106226081263e+01 8.715923747237179953e+01 4.621660114955059018e-01
2.102658348744661865e+01 7.777063438957035224e+00 2.870712466963882381e+00 1.037880758152573613e+01
8.464290484479236909e+01 1.901893850436567845e+01 6.509266613658864742e+01 5.313002038382925729e-01
1.241359086605561046e+01 4.765101403384738532e+00 2.058955069383769043e+00 5.589534393287122427e+00
5.756342176926973053e+01 1.355977656598496850e+01 4.343720722674397194e+01 5.664379765408696921e-01
1.729076594716584125e+01 5.777203551248990543e+00 2.033174398511160330e+00 9.480387997405722800e+00
4.603779607499491533e+01 1.008331116220674417e+01 3.531907221648194195e+01 6.354126963062787237e-01
2.377142837363300387e+01 7.843236106840370425e+00 2.341608897709825943e+00 1.358658336908283815e+01
3.691196321318646767e+01 7.737043816162602283e+00 2.843057803668988015e+01 7.443413603340198748e-01
1.632510361244573716e+01 5.483888542711647496e+00 2.053234470121649835e+00 8.787980599612430055e+00
2.668240188433278348e+01 5.956660214511924956e+00 1.991890757588313576e+01 8.068340939377459664e-01
1.623499271048648396e+01 4.769859550034390772e+00 2.414646170973546724e+00 9.050486989478578437e+00
1.903063718764835954e+01 4.651711498153612290e+00 1.338717439147262489e+01 9.917512980220821728e-01
1.671298066519027614e+01 4.734332614538520723e+00 3.001681416755194398e+00 8.976966633896545034e+00
1.511626555235417690e+01 3.776198538943700722e+00 1.006702487912593469e+01 1.273042134284562144e+00
1.932382270178075601e+01 6.419411462139835933e+00 2.644958370677916726e+00 1.025945286896302022e+01
1.945895736733117687e+01 3.894613379785380136e+00 1.399361101809805064e+01 1.570732969447772742e+00
1.955819188088572247e+01 6.456662700014583756e+00 3.071585625264659392e+00 1.002994355560648998e+01
1.944977151032442109e+01 4.131163212631950188e+00 1.342777771630791506e+01 1.890830581384556952e+00
1.828058011389709137e+01 5.618516476591777220e+00 3.305769904211560917e+00 9.356293733093776765e+00
1.736524796158841610e+01 4.112679225991252352e+00 1.102975387042674527e+01 2.222814865170434917e+00
2.194570062813336975e+01 5.926497948368129265e+00 2.909941774687887062e+00 1.310926090507737030e+01
1.567996620354435500e+01 3.705299608311289017e+00 9.510981662069500686e+00 2.463684933163575952e+00
1.913670413441735718e+01 5.028892691008839400e+00 2.590323473666460874e+00 1.151748796974204048e+01
1.426790197630167079e+01 3.274974216807672978e+00 8.511936492595250314e+00 2.480991266898771919e+00
1.641536241093610471e+01 4.081188720024475636e+00 2.279309594799402205e+00 1.005486409611219045e+01
1.287871896121558990e+01 2.895100114806863356e+00 7.582660911797958647e+00 2.400957934610780775e+00
1.277446551918650108e+01 2.990176235044459396e+00 2.164862393235825522e+00 7.619426890906231264e+00
1.312176858839398008e+01 2.682125412273269838e+00 8.291604284401886460e+00 2.148038891718789145e+00
1.131101212271076228e+01 2.672990941084116390e+00 2.260890009163692316e+00 6.377131172462954467e+00
1.122292114215142966e+01 2.524000538379203018e+00 6.808380108117337848e+00 1.890540495654875919e+00
1.159572911695219943e+01 2.687824137348096887e+00 2.153590434547997923e+00 6.754314545056106844e+00
9.807000930045694176e+00 2.556110723731632284e+00 5.578427950915362921e+00 1.672462255398685427e+00
1.013368149088874226e+01 2.315150617376094289e+00 1.958913564336003610e+00 5.859617309176652356e+00
9.768452424296492964e+00 2.788617343470313870e+00 5.451212463931240926e+00 1.528622616894930397e+00
8.694427873506231919e+00 2.168204652568431534e+00 1.755671038030460318e+00 4.770552182907342953e+00
9.341509121895919421e+00 2.932411361677977002e+00 4.996960963783865672e+00 1.412136796434078523e+00
7.208683063227297794e+00 1.736760339554128452e+00 1.417720872416957878e+00 4.054201851256213907e+00
7.604173779952865253e+00 2.690400376652007264e+00 3.670743517290973923e+00 1.243029886009880070e+00
8.319973497231938353e+00 1.859645382600074281e+00 1.227378299101791193e+00 5.232949815530072435e+00
6.357215556051865057e+00 2.272139264928182190e+00 2.992731679610262763e+00 1.092344611513415442e+00
7.362487798162685948e+00 1.568864171875018920e+00 1.132085650696356138e+00 4.661537975591311778e+00
5.605529681646620688e+00 1.928199490068170707e+00 2.709395709185899559e+00 9.679344823925500885e-01
8.588513522086621776e+00 1.530342388029606537e+00 1.042404128214505343e+00 6.015767005842510784e+00
5.351569748847747832e+00 1.617370091834240409e+00 2.874224067627820123e+00 8.599755893856898536e-01
9.944001243579032590e+00 1.657336234966296118e+00 8.867391359328208322e-01 7.399925872679919081e+00
5.762397336670779247e+00 1.385137137259819351e+00 3.638390410463399505e+00 7.388697889475731584e-01
7.876977677206618011e+00 1.129260465870043362e+00 7.057829931113045463e-01 6.041934218225262221e+00
5.189232994927611919e+00 1.245197195198011642e+00 3.321847540553212408e+00 6.221882591763846504e-01
1.055208562691759511e+01 1.375893750578063512e+00 7.026050502668053088e-01 8.473586826072725842e+00
5.873771252015002275e+00 1.174048004697012093e+00 4.166427932993118866e+00 5.332953143248642114e-01
1.156971926726244071e+01 1.537491058324572668e+00 7.746756451481228156e-01 9.257552563789735345e+00
5.708544580495169107e+00 1.049248156790937303e+00 4.226092744653545452e+00 4.332036790506992308e-01
1.047213285043754816e+01 1.335593080329296800e+00 8.251695509747903889e-01 8.311370219133456416e+00
3.631302103837403372e+00 9.607437785855945656e-01 2.362391934703891749e+00 3.081663905479126719e-01
